0 0.546324 0.422399 0.013971 0.032718
1 0.529228 0.424077 0.014338 0.027685
2 0.513419 0.425336 0.012132 0.028523
3 0.498713 0.425336 0.012868 0.028523
4 0.483088 0.422819 0.011765 0.030201
5 0.468015 0.420302 0.011029 0.028523
6 0.450735 0.416107 0.011029 0.031879
7 0.435662 0.414849 0.009559 0.027685
8 0.422426 0.411074 0.009559 0.030201
9 0.406618 0.405621 0.010294 0.029362
10 0.392096 0.401007 0.009191 0.025168
11 0.379228 0.396812 0.009926 0.023490
12 0.365809 0.391359 0.010294 0.024329
13 0.353860 0.386326 0.008456 0.024329
14 0.341176 0.380872 0.009559 0.020134
15 0.330515 0.372903 0.007353 0.024329
16 0.318566 0.367030 0.007721 0.024329
17 0.306801 0.362836 0.008456 0.022651
18 0.296875 0.357383 0.006250 0.020134
19 0.288051 0.350252 0.008456 0.019295
20 0.278493 0.343121 0.006985 0.016779
21 0.270956 0.336409 0.005882 0.020134
22 0.262132 0.330537 0.006618 0.015101
23 0.253493 0.325084 0.007721 0.015940
24 0.244301 0.319631 0.006250 0.013423
25 0.237684 0.311661 0.004044 0.017617
26 0.230882 0.308725 0.005882 0.013423
27 0.224265 0.303691 0.005147 0.013423
28 0.217096 0.297819 0.006250 0.015101
29 0.210478 0.294463 0.004779 0.013423
30 0.204779 0.289430 0.004412 0.011745
31 0.199081 0.285235 0.005515 0.010067
32 0.193015 0.279782 0.005147 0.010906
33 0.187868 0.276846 0.004412 0.010067
34 0.183272 0.270973 0.004044 0.010067
35 0.178676 0.268456 0.004412 0.010067
36 0.174265 0.263842 0.003676 0.009228
37 0.170037 0.257970 0.004044 0.010906
